[gd_scene load_steps=46 format=2]

[ext_resource path="res://Maps/Main/Models/Buildings/SkyscraperMain.gltf" type="PackedScene" id=1]
[ext_resource path="res://Utils/AreaController.tscn" type="PackedScene" id=2]
[ext_resource path="res://Maps/Main/Models/Props/Garbage/GarbageMid.tscn" type="PackedScene" id=3]
[ext_resource path="res://Maps/Main/Models/Props/Skyscraper/Debris.tscn" type="PackedScene" id=4]
[ext_resource path="res://Maps/Main/Models/Props/Garbage/GarbageSmall.gltf" type="PackedScene" id=5]
[ext_resource path="res://Maps/Main/Models/Props/Garbage/GarbageLarge.gltf" type="PackedScene" id=6]
[ext_resource path="res://Maps/Main/Models/Props/Garbage/GarbageMid.gltf" type="PackedScene" id=7]
[ext_resource path="res://Maps/Main/Models/Props/Pots/Pot1.tscn" type="PackedScene" id=8]
[ext_resource path="res://Maps/Main/Models/Props/Pots/Pot2.tscn" type="PackedScene" id=9]
[ext_resource path="res://Maps/Main/Models/Props/Pots/Pot3.tscn" type="PackedScene" id=10]
[ext_resource path="res://Maps/Main/Models/Buildings/Skyscraper1Broken.gltf" type="PackedScene" id=11]
[ext_resource path="res://Maps/Main/Models/Buildings/Building1.tscn" type="PackedScene" id=12]
[ext_resource path="res://Maps/Main/Models/Buildings/Skyscraper1Mat3.tscn" type="PackedScene" id=13]
[ext_resource path="res://Utils/Item.tscn" type="PackedScene" id=14]
[ext_resource path="res://Maps/Main/Models/Items/PlasticBottle1Broken.gltf" type="PackedScene" id=15]
[ext_resource path="res://Maps/Main/Models/Items/Bucket2Broken.gltf" type="PackedScene" id=16]
[ext_resource path="res://Maps/Main/Models/Items/Tire1.gltf" type="PackedScene" id=17]
[ext_resource path="res://Maps/Main/Models/Buildings/Wood.material" type="Material" id=18]
[ext_resource path="res://Maps/Main/Models/Buildings/DoorController.gd" type="Script" id=19]
[ext_resource path="res://Maps/Main/Models/Buildings/SkyscraperMainDoor.gltf" type="PackedScene" id=20]
[ext_resource path="res://Maps/Main/Models/Props/Skyscraper/Table.tscn" type="PackedScene" id=21]
[ext_resource path="res://Maps/Main/Models/Props/Plants/Plant1.gltf" type="PackedScene" id=23]
[ext_resource path="res://Maps/Main/Models/Props/Garbage/GarbageSmallMid.gltf" type="PackedScene" id=24]

[sub_resource type="BoxShape" id=1]
extents = Vector3( 0.122369, 10.2262, 41.5913 )

[sub_resource type="BoxShape" id=17]
extents = Vector3( 0.122369, 10.2262, 4.99123 )

[sub_resource type="BoxShape" id=2]
extents = Vector3( 0.0988298, 10.2262, 7.42731 )

[sub_resource type="BoxShape" id=7]
extents = Vector3( 0.0988298, 3.3718, 5.03665 )

[sub_resource type="BoxShape" id=9]
extents = Vector3( 0.0988298, 3.3718, 7.08509 )

[sub_resource type="BoxShape" id=10]
extents = Vector3( 0.0988298, 3.3718, 6.90795 )

[sub_resource type="BoxShape" id=12]
extents = Vector3( 0.0988298, 3.3718, 3.65759 )

[sub_resource type="BoxShape" id=14]
extents = Vector3( 0.0988298, 3.3718, 3.45276 )

[sub_resource type="BoxShape" id=15]
extents = Vector3( 0.0988298, 3.3718, 6.93751 )

[sub_resource type="BoxShape" id=16]
extents = Vector3( 0.0988298, 3.3718, 18.0133 )

[sub_resource type="BoxShape" id=13]
extents = Vector3( 0.0988298, 3.3718, 13.5173 )

[sub_resource type="BoxShape" id=11]
extents = Vector3( 5.45535, 3.3718, 2.32062 )

[sub_resource type="BoxShape" id=8]
extents = Vector3( 0.0988298, 3.3718, 7.84695 )

[sub_resource type="BoxShape" id=4]
extents = Vector3( 1, 28.0377, 50.1622 )

[sub_resource type="BoxShape" id=5]
extents = Vector3( 1, 18.8956, 6.73384 )

[sub_resource type="BoxShape" id=6]
extents = Vector3( 1, 7.36299, 6.73384 )

[sub_resource type="BoxShape" id=18]
extents = Vector3( 0.413649, 1, 1.14162 )

[sub_resource type="Animation" id=20]
resource_name = "DoorOpen"
length = 0.2
tracks/0/type = "bezier"
tracks/0/path = NodePath("PivotRightDoor:rotation_degrees:y")
tracks/0/interp = 1
tracks/0/loop_wrap = true
tracks/0/imported = false
tracks/0/enabled = true
tracks/0/keys = {
"points": PoolRealArray( 44.976, -0.25, 0, 0.25, 0, 162.932, -0.25, 0, 0.25, 0 ),
"times": PoolRealArray( 0, 0.1 )
}
tracks/1/type = "bezier"
tracks/1/path = NodePath("PivotLeftDoor:rotation_degrees:y")
tracks/1/interp = 1
tracks/1/loop_wrap = true
tracks/1/imported = false
tracks/1/enabled = true
tracks/1/keys = {
"points": PoolRealArray( 145.951, -0.25, 0, 0.25, 0, 37.558, -0.25, 0, 0.25, 0 ),
"times": PoolRealArray( 0, 0.1 )
}

[sub_resource type="Animation" id=22]
length = 0.001
tracks/0/type = "bezier"
tracks/0/path = NodePath("PivotLeftDoor:rotation_degrees:y")
tracks/0/interp = 1
tracks/0/loop_wrap = true
tracks/0/imported = false
tracks/0/enabled = true
tracks/0/keys = {
"points": PoolRealArray( 145.951, -0.25, 0, 0.25, 0 ),
"times": PoolRealArray( 0 )
}
tracks/1/type = "bezier"
tracks/1/path = NodePath("PivotRightDoor:rotation_degrees:y")
tracks/1/interp = 1
tracks/1/loop_wrap = true
tracks/1/imported = false
tracks/1/enabled = true
tracks/1/keys = {
"points": PoolRealArray( 44.976, -0.25, 0, 0.25, 0 ),
"times": PoolRealArray( 0 )
}

[sub_resource type="BoxShape" id=19]
extents = Vector3( 0.093233, 0.885333, 0.365558 )

[sub_resource type="ArrayMesh" id=23]
resource_name = "SkyscraperMain_building_001_mesh002"
surfaces/0 = {
"aabb": AABB( -24.9988, 2.77468, -34.1502, 0.104876, 1.91376, 0.797813 ),
"array_data": PoolByteArray( 137, 248, 199, 193, 127, 203, 49, 64, 103, 105, 5, 194, 132, 2, 130, 255, 99, 24, 11, 63, 137, 248, 199, 193, 127, 203, 49, 64, 103, 105, 5, 194, 255, 2, 124, 63, 106, 55, 11, 63, 137, 248, 199, 193, 127, 203, 49, 64, 103, 105, 5, 194, 0, 131, 125, 193, 106, 55, 251, 59, 24, 170, 199, 193, 136, 224, 149, 64, 159, 144, 5, 194, 132, 2, 130, 130, 99, 24, 22, 186, 24, 170, 199, 193, 136, 224, 149, 64, 159, 144, 5, 194, 252, 122, 117, 65, 106, 55, 251, 59, 24, 170, 199, 193, 136, 224, 149, 64, 159, 144, 5, 194, 255, 2, 120, 66, 106, 55, 22, 186, 151, 253, 199, 193, 13, 163, 49, 64, 231, 152, 8, 194, 132, 2, 130, 255, 251, 59, 11, 63, 151, 253, 199, 193, 13, 163, 49, 64, 231, 152, 8, 194, 132, 125, 125, 194, 106, 55, 11, 63, 151, 253, 199, 193, 13, 163, 49, 64, 231, 152, 8, 194, 0, 131, 126, 194, 106, 55, 101, 24, 92, 178, 199, 193, 149, 1, 150, 64, 73, 115, 8, 194, 132, 2, 130, 130, 251, 59, 22, 186, 92, 178, 199, 193, 149, 1, 150, 64, 73, 115, 8, 194, 252, 122, 123, 66, 106, 55, 101, 24, 92, 178, 199, 193, 149, 1, 150, 64, 73, 115, 8, 194, 132, 125, 124, 191, 106, 55, 22, 186, 206, 38, 199, 193, 102, 148, 49, 64, 210, 153, 8, 194, 132, 125, 125, 194, 74, 56, 11, 63, 206, 38, 199, 193, 102, 148, 49, 64, 210, 153, 8, 194, 0, 131, 126, 194, 74, 56, 101, 24, 206, 38, 199, 193, 102, 148, 49, 64, 210, 153, 8, 194, 124, 2, 126, 1, 251, 59, 11, 63, 156, 44, 199, 193, 214, 194, 49, 64, 220, 104, 5, 194, 255, 2, 124, 63, 74, 56, 11, 63, 156, 44, 199, 193, 214, 194, 49, 64, 220, 104, 5, 194, 0, 131, 125, 193, 74, 56, 251, 59, 156, 44, 199, 193, 214, 194, 49, 64, 220, 104, 5, 194, 124, 2, 126, 1, 99, 24, 11, 63, 249, 121, 199, 193, 43, 233, 149, 64, 139, 143, 5, 194, 252, 122, 118, 65, 74, 56, 251, 59, 249, 121, 199, 193, 43, 233, 149, 64, 139, 143, 5, 194, 255, 2, 120, 66, 74, 56, 22, 186, 249, 121, 199, 193, 43, 233, 149, 64, 139, 143, 5, 194, 124, 2, 126, 126, 99, 24, 22, 186, 87, 114, 199, 193, 178, 7, 150, 64, 13, 116, 8, 194, 252, 122, 123, 66, 74, 56, 101, 24, 87, 114, 199, 193, 178, 7, 150, 64, 13, 116, 8, 194, 132, 125, 124, 191, 74, 56, 22, 186, 87, 114, 199, 193, 178, 7, 150, 64, 13, 116, 8, 194, 124, 2, 126, 126, 251, 59, 22, 186 ),
"array_index_data": PoolByteArray( 14, 0, 20, 0, 23, 0, 14, 0, 17, 0, 20, 0, 6, 0, 3, 0, 0, 0, 6, 0, 9, 0, 3, 0, 5, 0, 15, 0, 1, 0, 5, 0, 19, 0, 15, 0, 10, 0, 18, 0, 4, 0, 10, 0, 21, 0, 18, 0, 22, 0, 7, 0, 12, 0, 22, 0, 11, 0, 7, 0, 2, 0, 13, 0, 8, 0, 2, 0, 16, 0, 13, 0 ),
"blend_shape_data": [  ],
"format": 2194711,
"index_count": 36,
"material": ExtResource( 18 ),
"primitive": 4,
"skeleton_aabb": [  ],
"vertex_count": 24
}

[sub_resource type="ArrayMesh" id=24]
resource_name = "SkyscraperMain_building_001_mesh003"
surfaces/0 = {
"aabb": AABB( -24.9988, 2.77468, -34.8972, 0.104876, 1.91376, 0.797619 ),
"array_data": PoolByteArray( 58, 249, 199, 193, 246, 197, 49, 64, 185, 150, 11, 194, 132, 2, 126, 130, 194, 58, 127, 61, 58, 249, 199, 193, 246, 197, 49, 64, 185, 150, 11, 194, 132, 126, 126, 193, 152, 55, 127, 61, 58, 249, 199, 193, 246, 197, 49, 64, 185, 150, 11, 194, 0, 130, 126, 193, 152, 55, 244, 48, 177, 176, 199, 193, 233, 250, 149, 64, 116, 114, 11, 194, 132, 2, 126, 255, 194, 58, 253, 181, 177, 176, 199, 193, 233, 250, 149, 64, 116, 114, 11, 194, 253, 123, 123, 66, 152, 55, 244, 48, 177, 176, 199, 193, 233, 250, 149, 64, 116, 114, 11, 194, 132, 126, 123, 191, 152, 55, 253, 181, 151, 253, 199, 193, 13, 163, 49, 64, 225, 102, 8, 194, 132, 2, 126, 130, 244, 48, 127, 61, 151, 253, 199, 193, 13, 163, 49, 64, 225, 102, 8, 194, 255, 2, 124, 62, 152, 55, 127, 61, 151, 253, 199, 193, 13, 163, 49, 64, 225, 102, 8, 194, 0, 130, 125, 193, 152, 55, 194, 58, 92, 178, 199, 193, 149, 1, 150, 64, 127, 140, 8, 194, 132, 2, 126, 255, 244, 48, 253, 181, 92, 178, 199, 193, 149, 1, 150, 64, 127, 140, 8, 194, 253, 123, 121, 65, 152, 55, 194, 58, 92, 178, 199, 193, 149, 1, 150, 64, 127, 140, 8, 194, 255, 2, 122, 64, 152, 55, 253, 181, 206, 38, 199, 193, 102, 148, 49, 64, 246, 101, 8, 194, 255, 2, 124, 62, 51, 56, 127, 61, 206, 38, 199, 193, 102, 148, 49, 64, 246, 101, 8, 194, 0, 130, 125, 193, 51, 56, 194, 58, 206, 38, 199, 193, 102, 148, 49, 64, 246, 101, 8, 194, 124, 2, 130, 126, 244, 48, 127, 61, 87, 114, 199, 193, 178, 7, 150, 64, 187, 139, 8, 194, 253, 123, 121, 65, 51, 56, 194, 58, 87, 114, 199, 193, 178, 7, 150, 64, 187, 139, 8, 194, 255, 2, 122, 64, 51, 56, 253, 181, 87, 114, 199, 193, 178, 7, 150, 64, 187, 139, 8, 194, 124, 2, 130, 126, 244, 48, 253, 181, 245, 115, 199, 193, 59, 1, 150, 64, 62, 115, 11, 194, 253, 123, 123, 66, 51, 56, 244, 48, 245, 115, 199, 193, 59, 1, 150, 64, 62, 115, 11, 194, 132, 126, 123, 191, 51, 56, 253, 181, 245, 115, 199, 193, 59, 1, 150, 64, 62, 115, 11, 194, 124, 2, 130, 1, 194, 58, 253, 181, 221, 45, 199, 193, 225, 204, 49, 64, 74, 150, 11, 194, 132, 126, 126, 193, 51, 56, 127, 61, 221, 45, 199, 193, 225, 204, 49, 64, 74, 150, 11, 194, 0, 130, 126, 193, 51, 56, 244, 48, 221, 45, 199, 193, 225, 204, 49, 64, 74, 150, 11, 194, 124, 2, 130, 126, 194, 58, 127, 61 ),
"array_index_data": PoolByteArray( 23, 0, 17, 0, 20, 0, 23, 0, 14, 0, 17, 0, 9, 0, 0, 0, 3, 0, 9, 0, 6, 0, 0, 0, 16, 0, 7, 0, 11, 0, 16, 0, 12, 0, 7, 0, 4, 0, 15, 0, 10, 0, 4, 0, 18, 0, 15, 0, 5, 0, 21, 0, 19, 0, 5, 0, 1, 0, 21, 0, 8, 0, 22, 0, 2, 0, 8, 0, 13, 0, 22, 0 ),
"blend_shape_data": [  ],
"format": 2194711,
"index_count": 36,
"material": ExtResource( 18 ),
"primitive": 4,
"skeleton_aabb": [  ],
"vertex_count": 24
}

[node name="SkyscraperMain" instance=ExtResource( 1 )]
script = ExtResource( 19 )

[node name="Collisions" type="Spatial" parent="." index="1"]
transform = Transform( 0, 0, -1, 0, 1, 0, 1, 0, 0, 0, 0, 0 )
visible = false

[node name="StaticBody" type="StaticBody" parent="Collisions" index="0"]
transform = Transform( 1, 0, 0, 0, 1, 0, 0, 0, 1, -25.095, 3.61184, 8.33308 )

[node name="CollisionShape" type="CollisionShape" parent="Collisions/StaticBody" index="0"]
transform = Transform( 1, 0, 0, 0, 1, 0, 0, 0, 1, 0.132765, -1.51041, -0.0298824 )
shape = SubResource( 1 )

[node name="StaticBody6" type="StaticBody" parent="Collisions" index="1"]
transform = Transform( 1, 0, 0, 0, 1, 0, 0, 0, 1, -10.7999, 3.61184, 5.06359 )

[node name="CollisionShape" type="CollisionShape" parent="Collisions/StaticBody6" index="0"]
transform = Transform( 1, 0, 0, 0, 1, 0, 0, 0, 1, 0.132765, -1.51041, -0.0298824 )
shape = SubResource( 1 )

[node name="StaticBody20" type="StaticBody" parent="Collisions" index="2"]
transform = Transform( -4.37114e-08, 0, 1, 0, 1, 0, -1, 0, -4.37114e-08, 10.7159, 3.61184, -35.9914 )

[node name="CollisionShape" type="CollisionShape" parent="Collisions/StaticBody20" index="0"]
transform = Transform( 1, 0, 0, 0, 1, 0, 0, 0, 1, 0.132765, -1.51041, -0.0298824 )
shape = SubResource( 17 )

[node name="StaticBody7" type="StaticBody" parent="Collisions" index="3"]
transform = Transform( 1, 0, 0, 0, 1, 0, 0, 0, 1, 10.5854, 3.61184, 5.06359 )

[node name="CollisionShape" type="CollisionShape" parent="Collisions/StaticBody7" index="0"]
transform = Transform( 1, 0, 0, 0, 1, 0, 0, 0, 1, 0.132765, -1.51041, -0.0298824 )
shape = SubResource( 1 )

[node name="StaticBody3" type="StaticBody" parent="Collisions" index="4"]
transform = Transform( 1, 0, 0, 0, 1, 0, 0, 0, 1, -24.9851, 3.61184, -42.5465 )

[node name="CollisionShape" type="CollisionShape" parent="Collisions/StaticBody3" index="0"]
shape = SubResource( 2 )

[node name="StaticBody8" type="StaticBody" parent="Collisions" index="5"]
transform = Transform( -4.37114e-08, 0, -1, 0, 1, 0, 1, 0, -4.37114e-08, -21.1044, 3.61184, -36.4742 )

[node name="CollisionShape" type="CollisionShape" parent="Collisions/StaticBody8" index="0"]
transform = Transform( 1, 0, 0, 0, 1, 0, 0, 0, 1, 0.0613403, -4.76837e-07, -1.0603 )
shape = SubResource( 7 )

[node name="StaticBody10" type="StaticBody" parent="Collisions" index="6"]
transform = Transform( -4.37114e-08, 0, -1, 0, 1, 0, 1, 0, -4.37114e-08, -19.141, 3.61184, -31.9833 )

[node name="CollisionShape" type="CollisionShape" parent="Collisions/StaticBody10" index="0"]
transform = Transform( 1, 0, 0, 0, 1, 0, 0, 0, 1, 0.0613403, -4.76837e-07, -1.29132 )
shape = SubResource( 9 )

[node name="StaticBody11" type="StaticBody" parent="Collisions" index="7"]
transform = Transform( 1, 0, 0, 0, 1, 0, 0, 0, 1, -18.2829, 3.61184, -41.9305 )

[node name="CollisionShape" type="CollisionShape" parent="Collisions/StaticBody11" index="0"]
transform = Transform( 1, 0, 0, 0, 1, 0, 0, 0, 1, 0.0613403, -4.76837e-07, -1.29132 )
shape = SubResource( 10 )

[node name="StaticBody13" type="StaticBody" parent="Collisions" index="8"]
transform = Transform( 1, 0, 0, 0, 1, 0, 0, 0, 1, -13.6058, 3.61184, -39.719 )

[node name="CollisionShape" type="CollisionShape" parent="Collisions/StaticBody13" index="0"]
transform = Transform( -4.37114e-08, 0, 1, 0, 1, 0, -1, 0, -4.37114e-08, 1.36538, -4.76837e-07, -1.35135 )
shape = SubResource( 12 )

[node name="StaticBody16" type="StaticBody" parent="Collisions" index="9"]
transform = Transform( 1, 0, 0, 0, 1, 0, 0, 0, 1, 0.949771, 3.61184, -39.719 )

[node name="CollisionShape" type="CollisionShape" parent="Collisions/StaticBody16" index="0"]
transform = Transform( -1, 0, -8.74228e-08, 0, 1, 0, 8.74228e-08, 0, -1, -1.03748, -4.76837e-07, 0.0691795 )
shape = SubResource( 14 )

[node name="StaticBody17" type="StaticBody" parent="Collisions" index="10"]
transform = Transform( 1, 0, 0, 0, 1, 0, 0, 0, 1, 0.949771, 3.61184, -47.6994 )

[node name="CollisionShape" type="CollisionShape" parent="Collisions/StaticBody17" index="0"]
transform = Transform( -1, 0, -8.74228e-08, 0, 1, 0, 8.74228e-08, 0, -1, -1.03748, -4.76837e-07, 0.0691795 )
shape = SubResource( 14 )

[node name="StaticBody18" type="StaticBody" parent="Collisions" index="11"]
transform = Transform( 1, 0, 0, 0, 1, 0, 0, 0, 1, 6.98926, 3.61184, -42.7344 )

[node name="CollisionShape" type="CollisionShape" parent="Collisions/StaticBody18" index="0"]
transform = Transform( -1, 0, -8.74228e-08, 0, 1, 0, 8.74228e-08, 0, -1, -1.03748, -4.76837e-07, -0.555367 )
shape = SubResource( 15 )

[node name="StaticBody19" type="StaticBody" parent="Collisions" index="12"]
transform = Transform( 1, 0, 0, 0, 1, 0, 0, 0, 1, -9.69248, 3.61184, -50.2311 )

[node name="CollisionShape" type="CollisionShape" parent="Collisions/StaticBody19" index="0"]
transform = Transform( -4.37114e-08, 0, 1, 0, 1, 0, -1, 0, -4.37114e-08, 2.57364, -4.76837e-07, 0.234249 )
shape = SubResource( 16 )

[node name="StaticBody15" type="StaticBody" parent="Collisions" index="13"]
transform = Transform( 1, 0, 0, 0, 1, 0, 0, 0, 1, -9.2054, 3.61184, -48.6766 )

[node name="CollisionShape" type="CollisionShape" parent="Collisions/StaticBody15" index="0"]
transform = Transform( -4.37114e-08, 0, 1, 0, 1, 0, -1, 0, -4.37114e-08, 2.311, -4.76837e-07, -1.29131 )
shape = SubResource( 13 )

[node name="StaticBody14" type="StaticBody" parent="Collisions" index="14"]
transform = Transform( 1, 0, 0, 0, 1, 0, 0, 0, 1, -23.6378, 3.61184, -39.719 )

[node name="CollisionShape" type="CollisionShape" parent="Collisions/StaticBody14" index="0"]
transform = Transform( -4.37114e-08, 0, 1, 0, 1, 0, -1, 0, -4.37114e-08, 3.02302, -4.76837e-07, -1.29131 )
shape = SubResource( 12 )

[node name="StaticBody12" type="StaticBody" parent="Collisions" index="15"]
transform = Transform( 1, 0, 0, 0, 1, 0, 0, 0, 1, -10.864, 3.61184, -37.7369 )

[node name="CollisionShape" type="CollisionShape" parent="Collisions/StaticBody12" index="0"]
transform = Transform( 1, 0, 0, 0, 1, 0, 0, 0, 1, 5.53312, -4.76837e-07, -1.03713 )
shape = SubResource( 11 )

[node name="StaticBody9" type="StaticBody" parent="Collisions" index="16"]
transform = Transform( -4.37114e-08, 0, -1, 0, 1, 0, 1, 0, -4.37114e-08, -12.6944, 3.61184, -36.4742 )

[node name="CollisionShape" type="CollisionShape" parent="Collisions/StaticBody9" index="0"]
transform = Transform( 1, 0, 0, 0, 1, 0, 0, 0, 1, 0.0613403, -4.76837e-07, -6.6894 )
shape = SubResource( 8 )

[node name="StaticBody2" type="StaticBody" parent="Collisions" index="17"]
transform = Transform( 1, 0, 0, 0, 1, 0, 0, 0, 1, 2.95573, 3.61184, 7.60158 )

[node name="CollisionShape" type="CollisionShape" parent="Collisions/StaticBody2" index="0"]
transform = Transform( -4.37114e-08, -1, 0, 1, -4.37114e-08, 0, 0, 0, 1, 2.38419e-07, -1.84244, -7.51621 )
shape = SubResource( 4 )

[node name="StaticBody4" type="StaticBody" parent="Collisions" index="18"]
transform = Transform( 1, 0, 0, 0, 1, 0, 0, 0, 1, -4.43932, 5.45289, -42.0264 )

[node name="CollisionShape" type="CollisionShape" parent="Collisions/StaticBody4" index="0"]
transform = Transform( -4.37114e-08, -1, 0, 1, -4.37114e-08, 0, 0, 0, 1, -0.707596, 0.533357, -1.09238 )
shape = SubResource( 5 )

[node name="StaticBody5" type="StaticBody" parent="Collisions" index="19"]
transform = Transform( 1, 0, 0, 0, 1, 0, 0, 0, 1, -14.8098, 5.45289, -28.5662 )

[node name="CollisionShape" type="CollisionShape" parent="Collisions/StaticBody5" index="0"]
transform = Transform( -4.37114e-08, -1, 0, 1, -4.37114e-08, 0, 0, 0, 1, -2.92869, 0.777588, -1.09238 )
shape = SubResource( 6 )

[node name="Props" type="Spatial" parent="." index="2"]

[node name="GarbageMid2" parent="Props" index="0" instance=ExtResource( 3 )]
transform = Transform( 0.923477, 0.355134, 0.145158, -0.331692, 0.929183, -0.163096, -0.192799, 0.102467, 0.975873, 32.9873, 2.15708, -11.6897 )

[node name="Debris" parent="Props" index="1" instance=ExtResource( 4 )]
transform = Transform( 0.676841, -0.0824772, 0.731494, -0.0203431, 0.991228, 0.130586, -0.735848, -0.103267, 0.669226, 35.9218, 2.17111, -11.3538 )

[node name="Debris2" parent="Props" index="2" instance=ExtResource( 4 )]
transform = Transform( 1, 0, 0, 0, 1, 0, 0, 0, 1, 47.6747, 2.74008, -1.98916 )

[node name="Debris3" parent="Props" index="3" instance=ExtResource( 4 )]
transform = Transform( 0.0901285, 0, -0.99593, 0.340841, 0.939615, 0.030845, 0.935791, -0.342233, 0.0846861, 48.2836, 2.4156, -3.53421 )

[node name="Debris4" parent="Props" index="4" instance=ExtResource( 4 )]
transform = Transform( -0.84474, -0.296191, 0.445741, -0.272117, 0.9549, 0.118822, -0.460832, -0.0209202, -0.887241, 45.7975, 2.4156, -1.90338 )

[node name="GarbageSmall" parent="Props" index="5" instance=ExtResource( 5 )]
transform = Transform( -0.84474, -0.296191, 0.445741, -0.272117, 0.9549, 0.118822, -0.460832, -0.0209202, -0.887241, 46.342, 2.62233, -3.67814 )

[node name="GarbageMid" parent="Props" index="6" instance=ExtResource( 3 )]
transform = Transform( -1, 0, -8.74228e-08, 1.96673e-08, 0.974366, -0.224968, 8.51818e-08, -0.224968, -0.974366, 48.395, 3.10818, -1.44147 )

[node name="Debris5" parent="Props" index="7" instance=ExtResource( 4 )]
transform = Transform( -0.513798, -0.538191, -0.668104, -0.147203, 0.822511, -0.549369, 0.845188, -0.183918, -0.501828, 48.4933, 2.76991, 4.504 )

[node name="Debris6" parent="Props" index="8" instance=ExtResource( 4 )]
transform = Transform( 0.931846, -0.157128, -0.327069, 0.275482, 0.893016, 0.355853, 0.236164, -0.421702, 0.875439, 47.9956, 2.30762, 3.43469 )

[node name="Pot1" parent="Props" index="9" instance=ExtResource( 8 )]
transform = Transform( 1, 0, 0, 0, 1, 0, 0, 0, 1, 29.6359, 2.76943, -3.1346 )

[node name="Pot2" parent="Props" index="10" instance=ExtResource( 9 )]
transform = Transform( 1, 0, 0, 0, 1, 0, 0, 0, 1, 24.7353, 2.76944, -3.03753 )

[node name="Pot3" parent="Props" index="11" instance=ExtResource( 9 )]
transform = Transform( 1, 0, 0, 0, 1, 0, 0, 0, 1, 20.2703, 2.76944, -3.03753 )

[node name="Pot4" parent="Props" index="12" instance=ExtResource( 10 )]
transform = Transform( 1, 0, 0, 0, 1, 0, 0, 0, 1, 29.6928, 2.76943, 4.3131 )

[node name="Pot5" parent="Props" index="13" instance=ExtResource( 9 )]
transform = Transform( 1, 0, 0, 0, 1, 0, 0, 0, 1, 24.8709, 2.76949, 4.32257 )

[node name="Pot6" parent="Props" index="14" instance=ExtResource( 8 )]
transform = Transform( 1, 0, 0, 0, 1, 0, 0, 0, 1, 20.4055, 2.76941, 3.99486 )

[node name="Building1" parent="Props" index="15" instance=ExtResource( 12 )]
transform = Transform( -0.00924246, 0, 0.00503246, 0, 0.0105237, 0, -0.00503246, 0, -0.00924246, 18.8085, 2.76942, 0.914813 )

[node name="Skyscraper1Broken" parent="Props" index="16" instance=ExtResource( 11 )]
transform = Transform( 0.0113733, 0, 0, 0, 0.0113733, 0, 0, 0, 0.0113733, 18.0051, 2.76941, 0.665553 )

[node name="Skyscraper2" parent="Props" index="17" instance=ExtResource( 13 )]
transform = Transform( 0.010158, 0, 0, 0, 0.010158, 0, 0, 0, 0.010158, 18.2775, 2.76973, 1.50034 )

[node name="Table" parent="Props" index="18" instance=ExtResource( 21 )]
transform = Transform( 0.987854, 0, 0.155383, 0, 1, 0, -0.155383, 0, 0.987854, 35.9502, 2.29138, -17.5043 )

[node name="Table2" parent="Props" index="19" instance=ExtResource( 21 )]
transform = Transform( 0.324594, 0, -0.945853, 0, 1, 0, 0.945853, 0, 0.324594, 47.934, 2.29138, -12.0151 )

[node name="Table3" parent="Props" index="20" instance=ExtResource( 21 )]
transform = Transform( 0.324594, 0, -0.945853, 0, 1, 0, 0.945853, 0, 0.324594, 39.495, 2.29138, 0.813098 )

[node name="Plant1" parent="Props" index="21" instance=ExtResource( 23 )]
transform = Transform( 0.324594, 0, -0.945853, 0, 1, 0, 0.945853, 0, 0.324594, 48.1838, 2.76953, -9.5256 )

[node name="Plant2" parent="Props" index="22" instance=ExtResource( 23 )]
transform = Transform( 0.324594, 0, -0.945853, 0, 1, 0, 0.945853, 0, 0.324594, 48.0432, 2.76953, -8.88941 )

[node name="Plant3" parent="Props" index="23" instance=ExtResource( 23 )]
transform = Transform( 0.324594, 0, -0.945853, 0, 1, 0, 0.945853, 0, 0.324594, 47.2284, 2.76953, -8.93335 )

[node name="GarbageSmallMid" parent="Props" index="24" instance=ExtResource( 24 )]
transform = Transform( 0.681011, -0.571294, 0.458091, 0.642694, 0.766123, 0, -0.350954, 0.294412, 0.888905, 48.8906, 2.39745, -0.140516 )

[node name="AreaController" parent="." index="3" instance=ExtResource( 2 )]
transform = Transform( 1, 0, 0, 0, 1, 0, 0, 0, 1, 36.281, 3.99241, 2.9627 )
area_number = 2

[node name="CollisionShape" parent="AreaController" index="0"]
transform = Transform( 1, 0, 0, 0, 1, 0, 0, 0, 1, -0.436501, 0, -0.33246 )
shape = SubResource( 18 )

[node name="Item" parent="AreaController" index="1" instance=ExtResource( 14 )]
transform = Transform( 1, 0, 0, 0, 1, 0, 0, 0, 1, -2.18117, -1.03046, -17.0456 )
text = "You really are trying your best"

[node name="PlasticBottle1Broken" parent="AreaController/Item" index="3" instance=ExtResource( 15 )]
transform = Transform( 1, 0, 0, 0, 1, 0, 0, 0, 1, 0, -0.162962, 0 )

[node name="Item2" parent="AreaController" index="2" instance=ExtResource( 14 )]
transform = Transform( 1, 0, 0, 0, 1, 0, 0, 0, 1, 7.87392, -1.03046, -18.634 )
text = "But sadly this isn't something you can still fix"

[node name="Bucket2Broken" parent="AreaController/Item2" index="3" instance=ExtResource( 16 )]
transform = Transform( 1, 0, 0, 0, 1, 0, 0, 0, 1, 0, -0.182809, 0 )

[node name="Item3" parent="AreaController" index="3" instance=ExtResource( 14 )]
transform = Transform( 1, 0, 0, 0, 1, 0, 0, 0, 1, 5.61398, -1.03046, -0.33865 )
text = "This is all over now"

[node name="Tire1" parent="AreaController/Item3" index="3" instance=ExtResource( 17 )]
transform = Transform( 1, 0, 0, 0, 1, 0, 0, 0, 1, 0, -0.22016, 0 )

[node name="GarbagePile" type="Spatial" parent="." index="4"]
transform = Transform( 1, 0, 0, 0, 1, 0, 0, 0, 1, -6.88691, 0, 0 )

[node name="GarbageLarge" parent="GarbagePile" index="0" instance=ExtResource( 6 )]
transform = Transform( 0.81705, 0.437529, -0.375496, -0.472074, 0.881559, 0, 0.331022, 0.177262, 0.926824, 19.3289, 2.7694, 7.14144 )

[node name="GarbageLarge2" parent="GarbagePile" index="1" instance=ExtResource( 6 )]
transform = Transform( 0.880335, 0.471418, -0.0526845, -0.472074, 0.881559, 0, 0.0464446, 0.024871, 0.998611, 19.3289, 2.7694, 2.0237 )

[node name="GarbageLarge3" parent="GarbagePile" index="2" instance=ExtResource( 6 )]
transform = Transform( -0.892369, 0.244488, -0.379347, 0.278604, 0.959699, -0.0368595, 0.355047, -0.13858, -0.92452, 19.1858, 2.3908, -5.12738 )

[node name="GarbageLarge4" parent="GarbagePile" index="3" instance=ExtResource( 6 )]
transform = Transform( 0.866987, 0.464271, 0.181068, -0.472074, 0.881559, 0, -0.159622, -0.0854777, 0.983471, 15.8113, 5.34339, 7.14144 )

[node name="GarbageLarge5" parent="GarbagePile" index="4" instance=ExtResource( 6 )]
transform = Transform( 0.880335, 0.471418, -0.0526845, -0.472074, 0.881559, 0, 0.0464446, 0.024871, 0.998611, 15.8113, 5.34339, 0.896597 )

[node name="GarbageLarge6" parent="GarbagePile" index="5" instance=ExtResource( 6 )]
transform = Transform( 0.879675, 0.457931, 0.128344, -0.466952, 0.882837, 0.0505503, -0.090158, -0.104398, 0.990441, 15.6891, 4.88926, -7.11946 )

[node name="GarbageLarge8" parent="GarbagePile" index="6" instance=ExtResource( 6 )]
transform = Transform( 0.880335, 0.471418, -0.0526845, -0.472074, 0.881559, 0, 0.0464446, 0.024871, 0.998611, 12.4779, 7.49135, 2.61993 )

[node name="GarbageLarge10" parent="GarbagePile" index="7" instance=ExtResource( 6 )]
transform = Transform( 0.55234, 0.295778, 0.779382, -0.472074, 0.881559, 0, -0.687071, -0.367926, 0.626549, 11.9311, 8.30297, 9.03882 )

[node name="GarbageLarge9" parent="GarbagePile" index="8" instance=ExtResource( 6 )]
transform = Transform( 0.592077, 0.3546, -0.723674, -0.466952, 0.882837, 0.0505503, 0.656811, 0.307991, 0.688288, 13.5939, 7.84884, -9.83483 )

[node name="GarbageLarge11" parent="GarbagePile" index="9" instance=ExtResource( 6 )]
transform = Transform( 0.577147, 0.816555, 0.0118455, -0.815909, 0.575956, 0.050667, 0.0345499, -0.0389072, 0.998645, 11.5421, 7.84884, -3.91183 )

[node name="GarbageLarge12" parent="GarbagePile" index="10" instance=ExtResource( 6 )]
transform = Transform( 0.164076, 0.985922, -0.032186, -0.985354, 0.165343, 0.04171, 0.0464446, 0.024871, 0.998611, 7.97622, 11.5689, 2.61993 )

[node name="GarbageLarge13" parent="GarbagePile" index="11" instance=ExtResource( 6 )]
transform = Transform( -0.0363022, 0.87862, 0.476139, -0.725683, 0.304396, -0.617031, -0.687071, -0.367926, 0.626549, 8.28476, 12.4976, 9.03882 )

[node name="GarbageLarge14" parent="GarbagePile" index="12" instance=ExtResource( 6 )]
transform = Transform( -0.00797129, 0.915567, -0.402086, -0.754013, 0.258608, 0.60381, 0.656811, 0.307991, 0.688288, 8.94102, 10.9038, -9.83483 )

[node name="GarbageLarge15" parent="GarbagePile" index="13" instance=ExtResource( 6 )]
transform = Transform( -0.293359, 0.954829, 0.0473494, -0.955378, -0.294598, 0.0215754, 0.0345499, -0.0389072, 0.998645, 7.68755, 12.5282, -3.91183 )

[node name="GarbageMid" parent="GarbagePile" index="14" instance=ExtResource( 7 )]
transform = Transform( 0.852731, 0.52235, 0, -0.52235, 0.852731, 0, 0, 0, 1, 15.616, 7.93927, 1.57712 )

[node name="GarbageMid2" parent="GarbagePile" index="15" instance=ExtResource( 7 )]
transform = Transform( 0.295926, 0.806542, 0.511779, -0.390919, 0.591113, -0.705527, -0.871556, 0.00871977, 0.490218, 11.1813, 10.4967, -6.19059 )

[node name="GarbageMid3" parent="GarbagePile" index="16" instance=ExtResource( 7 )]
transform = Transform( 0.852731, 0.52235, 0, -0.52235, 0.852731, 0, 0, 0, 1, 10.7935, 10.4967, 5.1563 )

[node name="GarbageMid4" parent="GarbagePile" index="17" instance=ExtResource( 7 )]
transform = Transform( 0.15964, 0.987175, 0, -0.987175, 0.15964, 0, 0, 0, 1, 10.7935, 10.4967, 1.66991 )

[node name="GarbageMid5" parent="GarbagePile" index="18" instance=ExtResource( 7 )]
transform = Transform( 0.97199, 0.235023, 0, -0.235023, 0.97199, 0, 0, 0, 1, 21.8324, 2.69523, -2.07492 )

[node name="GarbageMid6" parent="GarbagePile" index="19" instance=ExtResource( 7 )]
transform = Transform( 0.923082, 0.223198, 0.313214, -0.235023, 0.97199, 0, -0.30444, -0.0736125, 0.949683, 19.5441, 2.69523, -9.61134 )

[node name="GarbageMid7" parent="GarbagePile" index="20" instance=ExtResource( 7 )]
transform = Transform( 0.33784, 0.923849, 0.179912, -0.124428, 0.233312, -0.964408, -0.932943, 0.30343, 0.193775, 17.0912, 5.76762, -9.61134 )

[node name="GarbageSmall" parent="GarbagePile" index="21" instance=ExtResource( 5 )]
transform = Transform( 1, 0, 0, 0, 1, 0, 0, 0, 1, 22.825, 2.76951, 4.46597 )

[node name="AnimationPlayer" type="AnimationPlayer" parent="." index="5"]
anims/DoorOpen = SubResource( 20 )
anims/RESET = SubResource( 22 )

[node name="PivotRightDoor" type="Position3D" parent="." index="6"]
transform = Transform( 0.707403, 0, 0.70681, 0, 1, 0, -0.70681, 0, 0.707403, 33.3345, 3.76397, -24.9418 )

[node name="SkyscraperMainDoor" parent="PivotRightDoor" index="0" instance=ExtResource( 20 )]
transform = Transform( 0.722763, 0, -0.691097, 0, 1, 0, 0.691097, 0, 0.722763, 0.310852, 0, 0.278004 )

[node name="StaticBody" type="StaticBody" parent="PivotRightDoor/SkyscraperMainDoor" index="1"]
transform = Transform( 0.758965, 0, 0.651132, 0, 1, 0, -0.651132, 0, 0.758965, -0.0666313, 0, -0.288395 )

[node name="CollisionShape" type="CollisionShape" parent="PivotRightDoor/SkyscraperMainDoor/StaticBody" index="0"]
transform = Transform( -0.70681, 0, -0.707403, 0, 1, 0, 0.707403, 0, -0.70681, -0.0960693, 0.0094502, 0.278419 )
shape = SubResource( 19 )

[node name="PivotLeftDoor" type="Position3D" parent="." index="7"]
transform = Transform( -0.828559, 0, 0.559902, 0, 1, 0, -0.559902, 0, -0.828559, 34.8641, 3.78743, -24.9429 )

[node name="SkyscraperMainDoor2" parent="PivotLeftDoor" index="0" instance=ExtResource( 20 )]
transform = Transform( -0.842227, 0, -0.539124, 0, 1, 0, 0.539124, 0, -0.842227, 0.293874, -0.0234592, -0.195633 )

[node name="StaticBody" type="StaticBody" parent="PivotLeftDoor/SkyscraperMainDoor2" index="1"]
transform = Transform( 0.758965, 0, 0.651132, 0, 1, 0, -0.651132, 0, 0.758965, -0.0666313, 0, -0.288395 )

[node name="CollisionShape" type="CollisionShape" parent="PivotLeftDoor/SkyscraperMainDoor2/StaticBody" index="0"]
transform = Transform( -0.70681, 0, -0.707403, 0, 1, 0, 0.707403, 0, -0.70681, -0.0960693, 0.0094502, 0.278419 )
shape = SubResource( 19 )

[node name="FrontDoorRight" parent="." index="8"]
visible = false
mesh = SubResource( 23 )

[node name="FrontDootLeft" parent="." index="9"]
visible = false
mesh = SubResource( 24 )

[node name="EndingStop" type="StaticBody" parent="." index="10"]
transform = Transform( 1, 0, 0, 0, 1, 0, 0, 0, 1, 36.1624, 3.82109, 2.9627 )

[node name="CollisionShape" type="CollisionShape" parent="EndingStop" index="0"]
shape = SubResource( 18 )

[editable path="AreaController"]
