[gd_scene load_steps=6 format=2]

[ext_resource path="res://Maps/Main/Models/Props/Pots/Pot3.gltf" type="PackedScene" id=1]

[sub_resource type="BoxShape" id=1]
extents = Vector3( 0.607298, 0.446817, 0.595308 )

[sub_resource type="BoxShape" id=2]
extents = Vector3( 0.514488, 0.143515, 0.595308 )

[sub_resource type="BoxShape" id=3]
extents = Vector3( 0.514488, 0.143515, 0.312921 )

[sub_resource type="SphereShape" id=4]
radius = 0.500106

[node name="Pot3" instance=ExtResource( 1 )]

[node name="StaticBody" type="StaticBody" parent="." index="2"]
transform = Transform( 1, 0, 0, 0, 1, 0, 0, 0, 1, 0.348192, 0.428354, 0 )

[node name="CollisionShape" type="CollisionShape" parent="StaticBody" index="0"]
shape = SubResource( 1 )

[node name="StaticBody2" type="StaticBody" parent="." index="3"]
transform = Transform( 1, 0, 0, 0, 0.901251, 0.433297, 0, -0.433297, 0.901251, -0.49096, 0.287876, 0.109258 )

[node name="CollisionShape" type="CollisionShape" parent="StaticBody2" index="0"]
transform = Transform( 1, 0, 0, 0, 1, 0, 0, 0, 1, 0, 0.21033, 0.0484117 )
shape = SubResource( 2 )

[node name="StaticBody3" type="StaticBody" parent="." index="4"]
transform = Transform( 0.96361, 0.256057, 0.076748, -0.228385, 0.639425, 0.73415, 0.13891, -0.724962, 0.674636, -0.49096, 0.0762883, -0.73612 )

[node name="CollisionShape" type="CollisionShape" parent="StaticBody3" index="0"]
transform = Transform( 0.759123, -0.193852, -0.621413, 0.250169, 0.968196, 0.00357619, 0.600956, -0.158173, 0.783476, 0, 0.210331, 0.0484119 )
shape = SubResource( 3 )

[node name="StaticBody4" type="StaticBody" parent="." index="5"]
transform = Transform( 0.96361, 0.256057, 0.076748, -0.228385, 0.639425, 0.73415, 0.13891, -0.724962, 0.674636, -1.09708, -0.42296, -0.389644 )

[node name="CollisionShape" type="CollisionShape" parent="StaticBody4" index="0"]
transform = Transform( 0.759123, -0.193852, -0.621413, 0.250169, 0.968196, 0.00357619, 0.600956, -0.158173, 0.783476, 0, 0.210331, 0.0484119 )
shape = SubResource( 4 )
